An,Luna,Zi,Ora,Minut,Secunda,Rain
2025,9,1,0,0,0,0.000000
2025,9,1,0,5,0,0.000000
2025,9,1,0,10,0,0.000000
2025,9,1,0,15,0,0.000000
2025,9,1,0,20,0,0.000000
2025,9,1,0,25,0,0.000000
2025,9,1,0,30,0,0.000000
2025,9,1,0,35,0,0.000000
2025,9,1,0,40,0,0.000000
2025,9,1,0,45,0,0.000000
2025,9,1,0,50,0,0.000000
2025,9,1,0,55,0,0.000000
2025,9,1,1,0,0,0.000000
2025,9,1,1,5,0,0.000000
2025,9,1,1,10,0,0.000000
2025,9,1,1,15,0,0.000000
2025,9,1,1,20,0,0.000000
2025,9,1,1,25,0,0.000000
2025,9,1,1,30,0,0.000000
2025,9,1,1,35,0,0.000000
2025,9,1,1,40,0,0.000000
2025,9,1,1,45,0,0.000000
2025,9,1,1,50,0,0.000000
2025,9,1,1,55,0,0.000000
2025,9,1,2,0,0,0.000000
2025,9,1,2,5,0,0.000000
2025,9,1,2,10,0,0.000000
2025,9,1,2,15,0,0.000000
2025,9,1,2,20,0,0.000000
2025,9,1,2,25,0,0.000000
2025,9,1,2,30,0,0.000000
2025,9,1,2,35,0,0.000000
2025,9,1,2,40,0,0.000000
2025,9,1,2,45,0,0.000000
2025,9,1,2,50,0,0.000000
2025,9,1,2,55,0,0.000000
2025,9,1,3,0,0,0.500000
2025,9,1,3,5,0,0.500000
2025,9,1,3,10,0,0.500000
2025,9,1,3,15,0,0.500000
2025,9,1,3,20,0,0.500000
2025,9,1,3,25,0,0.500000
2025,9,1,3,30,0,0.500000
2025,9,1,3,35,0,0.500000
2025,9,1,3,40,0,0.500000
2025,9,1,3,45,0,0.500000
2025,9,1,3,50,0,0.500000
2025,9,1,3,55,0,0.500000
2025,9,1,4,0,0,0.000000
2025,9,1,4,5,0,0.000000
2025,9,1,4,10,0,0.000000
2025,9,1,4,15,0,0.000000
2025,9,1,4,20,0,0.000000
2025,9,1,4,25,0,0.000000
2025,9,1,4,30,0,0.000000
2025,9,1,4,35,0,0.000000
2025,9,1,4,40,0,0.000000
2025,9,1,4,45,0,0.000000
2025,9,1,4,50,0,0.000000
2025,9,1,4,55,0,0.000000
2025,9,1,5,0,0,0.000000
2025,9,1,5,5,0,0.000000
2025,9,1,5,10,0,0.000000
2025,9,1,5,15,0,0.000000
2025,9,1,5,20,0,0.000000
2025,9,1,5,25,0,0.000000
2025,9,1,5,30,0,0.000000
2025,9,1,5,35,0,0.000000
2025,9,1,5,40,0,0.000000
2025,9,1,5,45,0,0.000000
2025,9,1,5,50,0,0.000000
2025,9,1,5,55,0,0.000000
2025,9,1,6,0,0,0.000000
2025,9,1,6,5,0,0.000000
2025,9,1,6,10,0,0.000000
2025,9,1,6,15,0,0.000000
2025,9,1,6,20,0,0.000000
2025,9,1,6,25,0,0.000000
2025,9,1,6,30,0,0.000000
2025,9,1,6,35,0,0.000000
2025,9,1,6,40,0,0.000000
2025,9,1,6,45,0,0.000000
2025,9,1,6,50,0,0.000000
2025,9,1,6,55,0,0.000000
2025,9,1,7,0,0,0.000000
2025,9,1,7,5,0,0.000000
2025,9,1,7,10,0,0.000000
2025,9,1,7,15,0,0.000000
2025,9,1,7,20,0,0.000000
2025,9,1,7,25,0,0.000000
2025,9,1,7,30,0,0.000000
2025,9,1,7,35,0,0.000000
2025,9,1,7,40,0,0.000000
2025,9,1,7,45,0,0.000000
2025,9,1,7,50,0,0.000000
2025,9,1,7,55,0,0.000000
2025,9,1,8,0,0,0.000000
2025,9,1,8,5,0,0.000000
2025,9,1,8,10,0,0.000000
2025,9,1,8,15,0,0.000000
2025,9,1,8,20,0,0.000000
2025,9,1,8,25,0,0.000000
2025,9,1,8,30,0,0.000000
2025,9,1,8,35,0,0.000000
2025,9,1,8,40,0,0.000000
2025,9,1,8,45,0,0.000000
2025,9,1,8,50,0,0.000000
2025,9,1,8,55,0,0.000000
2025,9,1,9,0,0,0.000000
2025,9,1,9,5,0,0.000000
2025,9,1,9,10,0,0.000000
2025,9,1,9,15,0,0.000000
2025,9,1,9,20,0,0.000000
2025,9,1,9,25,0,0.000000
2025,9,1,9,30,0,0.000000
2025,9,1,9,35,0,0.000000
2025,9,1,9,40,0,0.000000
2025,9,1,9,45,0,0.000000
2025,9,1,9,50,0,0.000000
2025,9,1,9,55,0,0.000000
2025,9,1,10,0,0,0.000000
2025,9,1,10,5,0,0.000000
2025,9,1,10,10,0,0.000000
2025,9,1,10,15,0,0.000000
2025,9,1,10,20,0,0.000000
2025,9,1,10,25,0,0.000000
2025,9,1,10,30,0,0.000000
2025,9,1,10,35,0,0.000000
2025,9,1,10,40,0,0.000000
2025,9,1,10,45,0,0.000000
2025,9,1,10,50,0,0.000000
2025,9,1,10,55,0,0.000000
2025,9,1,11,0,0,0.000000
2025,9,1,11,5,0,0.000000
2025,9,1,11,10,0,0.000000
2025,9,1,11,15,0,0.000000
2025,9,1,11,20,0,0.000000
2025,9,1,11,25,0,0.000000
2025,9,1,11,30,0,0.000000
2025,9,1,11,35,0,0.000000
2025,9,1,11,40,0,0.000000
2025,9,1,11,45,0,0.000000
2025,9,1,11,50,0,0.000000
2025,9,1,11,55,0,0.000000
2025,9,1,12,0,0,0.000000
2025,9,1,12,5,0,0.000000
2025,9,1,12,10,0,0.000000
2025,9,1,12,15,0,0.000000
2025,9,1,12,20,0,0.000000
2025,9,1,12,25,0,0.000000
2025,9,1,12,30,0,0.000000
2025,9,1,12,35,0,0.000000
2025,9,1,12,40,0,0.000000
2025,9,1,12,45,0,0.000000
2025,9,1,12,50,0,0.000000
2025,9,1,12,55,0,0.000000
2025,9,1,13,0,0,0.000000
2025,9,1,13,5,0,0.000000
2025,9,1,13,10,0,0.000000
2025,9,1,13,15,0,0.000000
2025,9,1,13,20,0,0.000000
2025,9,1,13,25,0,0.000000
2025,9,1,13,30,0,0.000000
2025,9,1,13,35,0,0.000000
2025,9,1,13,40,0,0.000000
2025,9,1,13,45,0,0.000000
2025,9,1,13,50,0,0.000000
2025,9,1,13,55,0,0.000000
2025,9,1,14,0,0,0.000000
2025,9,1,14,5,0,0.000000
2025,9,1,14,10,0,0.000000
2025,9,1,14,15,0,0.000000
2025,9,1,14,20,0,0.000000
2025,9,1,14,25,0,0.000000
2025,9,1,14,30,0,0.000000
2025,9,1,14,35,0,0.000000
2025,9,1,14,40,0,0.000000
2025,9,1,14,45,0,0.000000
2025,9,1,14,50,0,0.000000
2025,9,1,14,55,0,0.000000
2025,9,1,15,0,0,1.000000
2025,9,1,15,5,0,1.000000
2025,9,1,15,10,0,1.000000
2025,9,1,15,15,0,5.000000
2025,9,1,15,20,0,5.000000
2025,9,1,15,25,0,5.000000
2025,9,1,15,30,0,2.000000
2025,9,1,15,35,0,2.000000
2025,9,1,15,40,0,2.000000
2025,9,1,15,45,0,4.000000
2025,9,1,15,50,0,4.000000
2025,9,1,15,55,0,4.000000
2025,9,1,16,0,0,0.000000
2025,9,1,16,5,0,0.000000
2025,9,1,16,10,0,0.000000
2025,9,1,16,15,0,0.000000
2025,9,1,16,20,0,0.000000
2025,9,1,16,25,0,0.000000
2025,9,1,16,30,0,0.000000
2025,9,1,16,35,0,0.000000
2025,9,1,16,40,0,0.000000
2025,9,1,16,45,0,0.000000
2025,9,1,16,50,0,0.000000
2025,9,1,16,55,0,0.000000
2025,9,1,17,0,0,0.000000
2025,9,1,17,5,0,0.000000
2025,9,1,17,10,0,0.000000
2025,9,1,17,15,0,0.000000
2025,9,1,17,20,0,0.000000
2025,9,1,17,25,0,0.000000
2025,9,1,17,30,0,0.000000
2025,9,1,17,35,0,0.000000
2025,9,1,17,40,0,0.000000
2025,9,1,17,45,0,0.000000
2025,9,1,17,50,0,0.000000
2025,9,1,17,55,0,0.000000
2025,9,1,18,0,0,0.000000
2025,9,1,18,5,0,0.000000
2025,9,1,18,10,0,0.000000
2025,9,1,18,15,0,0.000000
2025,9,1,18,20,0,0.000000
2025,9,1,18,25,0,0.000000
2025,9,1,18,30,0,0.000000
2025,9,1,18,35,0,0.000000
2025,9,1,18,40,0,0.000000
2025,9,1,18,45,0,0.000000
2025,9,1,18,50,0,0.000000
2025,9,1,18,55,0,0.000000
2025,9,1,19,0,0,0.000000
2025,9,1,19,5,0,0.000000
2025,9,1,19,10,0,0.000000
2025,9,1,19,15,0,0.000000
2025,9,1,19,20,0,0.000000
2025,9,1,19,25,0,0.000000
2025,9,1,19,30,0,0.000000
2025,9,1,19,35,0,0.000000
2025,9,1,19,40,0,0.000000
2025,9,1,19,45,0,0.000000
2025,9,1,19,50,0,0.000000
2025,9,1,19,55,0,0.000000
2025,9,1,20,0,0,0.000000
2025,9,1,20,5,0,0.000000
2025,9,1,20,10,0,0.000000
2025,9,1,20,15,0,0.000000
2025,9,1,20,20,0,0.000000
2025,9,1,20,25,0,0.000000
2025,9,1,20,30,0,0.000000
2025,9,1,20,35,0,0.000000
2025,9,1,20,40,0,0.000000
2025,9,1,20,45,0,0.000000
2025,9,1,20,50,0,0.000000
2025,9,1,20,55,0,0.000000
2025,9,1,21,0,0,0.000000
2025,9,1,21,5,0,0.000000
2025,9,1,21,10,0,0.000000
2025,9,1,21,15,0,0.000000
2025,9,1,21,20,0,0.000000
2025,9,1,21,25,0,0.000000
2025,9,1,21,30,0,0.000000
2025,9,1,21,35,0,0.000000
2025,9,1,21,40,0,0.000000
2025,9,1,21,45,0,0.000000
2025,9,1,21,50,0,0.000000
2025,9,1,21,55,0,0.000000
2025,9,1,22,0,0,0.000000
2025,9,1,22,5,0,0.000000
2025,9,1,22,10,0,0.000000
2025,9,1,22,15,0,0.000000
2025,9,1,22,20,0,0.000000
2025,9,1,22,25,0,0.000000
2025,9,1,22,30,0,0.000000
2025,9,1,22,35,0,0.000000
2025,9,1,22,40,0,0.000000
2025,9,1,22,45,0,0.000000
2025,9,1,22,50,0,0.000000
2025,9,1,22,55,0,0.000000
2025,9,1,23,0,0,0.000000
2025,9,1,23,5,0,0.000000
2025,9,1,23,10,0,0.000000
2025,9,1,23,15,0,0.000000
2025,9,1,23,20,0,0.000000
2025,9,1,23,25,0,0.000000
2025,9,1,23,30,0,0.000000
2025,9,1,23,35,0,0.000000
2025,9,1,23,40,0,0.000000
2025,9,1,23,45,0,0.000000
2025,9,1,23,50,0,0.000000
2025,9,1,23,55,0,0.000000
